# Created by Octave 4.2.1, Sat Jun 24 21:04:03 2017 GMT <unknown@unknown>
# name: mu
# type: matrix
# rows: 1
# columns: 9576
 88.55 89.55 90.8 90.5 89.59999999999999 89.3 89.65000000000001 90.2 90.95 93.7 94.84999999999999 97.5 101.7 107.4 108.95 105.15 107.2 112.05 112.05 108 106.8 108.05 110.25 110.7 111.8 111.25 111.25 112.15 113 114.85 115.4 116.4 114.9 112.85 108.2 105.6 102.9 103.35 104.1 104.5 105.4 105.5 106.05 106.5 106.15 104.65 101.05 99.5 103.5 111.15 118.1 119.25 113.05 122.45 130.95 157.85 193.4 189.45 135.5 103.6 110.95 141.65 139 109.7 86.5 103.95 108.1 106.2 105.05 104.7 107.05 106.45 104.4 102.55 99.95 99.3 102 108.15 114.75 127.6 133.25 136.45 133.2 131.55 125.05 119.55 116.05 115.75 113.05 123.4 132.15 146.15 152.6 124.65 106.1 112.85 110.85 114.45 119.65 121.55 116.35 120.4 124.2 125.3 124.55 120.65 116.85 112.3 112.2 121.65 117.15 94.45 90.90000000000001 149.2 88.95 89.05 91.05 90.75 89.55 89.2 89.40000000000001 90 90.90000000000001 93.09999999999999 94.09999999999999 96.3 98.45 105.25 108.7 107.2 109.65 114.35 113.55 108.65 108.05 109 110.35 111.05 112.05 111.75 111.4 112.5 113.95 115.2 115.95 116.6 114.95 112.55 107.9 105.6 103 103.45 104 104.75 105.5 105.6 106 106.7 106.25 104.3 100.6 99.2 103 108.7 114.4 116.6 112.35 120.55 128.35 154.5 193.25 187.05 127.2 103.1 115.4 145.9 137.5 110.35 87.75 104.8 107.95 105.95 105.55 104.15 104.65 103.45 103.75 102.35 100.15 99.84999999999999 102.6 107.85 116.9 127.7 133.3 137.05 134.25 132.2 125.9 120.45 116.7 116.3 115.45 124.85 129 143 154.4 131.4 107.95 113.35 115.5 118.65 119.15 121.2 116.75 119.1 125.3 125.6 124.55 121.75 118.2 114.5 112 122.65 119.5 96.25 88.90000000000001 148.5 88.45 89 90.2 91.2 90.15000000000001 89.8 89.5 89.8 90.25 92.09999999999999 92.90000000000001 94.3 96.2 103.3 109.05 109 115.35 120.4 118.5 111.35 110.3 111.5 112.4 112.45 112.35 111.65 111.85 113.1 115.25 115.65 116.45 117.25 115.4 111.5 107.2 105.65 103.8 103.75 104.05 104.3 105.05 105.5 105.95 106.65 105.85 103.85 100.15 99.45 101.6 105.65 109.35 111.15 108.2 119.4 123.9 157.5 195.15 183.7 116.25 104.05 121.4 149.7 140.5 113.9 89.05 105.45 107.4 106.25 105.95 104.9 103.8 102.55 101.55 101.4 100.9 100.75 102.05 108.1 118.3 128.6 134.6 138.05 135.55 132.75 127.35 121.4 117.6 117.5 118.85 124.8 125.7 141.05 156.6 138.45 110.3 111.8 113.05 111 110.7 111.55 114.9 120 123.9 126.7 126.4 123.4 121.4 118.45 118.9 127.4 122.5 97 89.15000000000001 151.55 88.5 89.3 90.75 91.7 90.45 89.7 89.55 89.90000000000001 90.25 91.84999999999999 92.2 93.15000000000001 94.7 100.45 106.3 111.25 119.15 123.45 120.4 114.6 114.25 115.3 115.6 114.55 113.4 111.6 111.75 114.1 115.9 116.15 117.1 117.7 115.65 111.35 107.15 106 103.85 103.6 103.9 104.2 104.8 105.35 105.85 106.4 105 102.5 98.34999999999999 97.65000000000001 98.15000000000001 101.05 104.3 105.5 101.8 110.5 121.4 163.6 195.4 181 111.3 105.65 127.2 152.3 140.85 114.05 89.8 105.7 107.35 106.4 106.15 105.4 103.95 102.55 101.6 101.1 101.05 100.9 102.15 108.25 119.05 128.6 135.15 137.9 136.25 133.15 128.45 122.65 118.85 118.45 119.05 122.55 120.55 138.1 158.15 141.9 111.4 112.2 112.85 111 109.4 111.85 116.35 119.2 125.6 127.1 126.95 125.35 126.2 123.3 120.15 129.25 125.3 100.45 89.3 153.45 88.2 89.40000000000001 91.25 92.05 90.90000000000001 90 89.5 89.40000000000001 90 91.2 91.5 92.5 92.34999999999999 96.90000000000001 102.8 111.65 119.75 121.25 118.15 115.3 117.15 118.25 118.1 116.7 114.75 111.75 112.15 115.15 116.6 116.65 117.45 117.95 116.5 112.05 107.5 105.75 103.85 103.35 103.45 103.55 104.2 104.5 104 104.4 102 98.25 93.65000000000001 92.2 92.05 94.55 97 98.34999999999999 96.2 101.7 114.6 169.8 196.65 179.7 105.7 107.9 135.4 154.55 141.8 111 90.55 105.4 106.95 106.1 106.3 105.6 104.8 103.65 102.2 101.65 101.95 101.65 103.3 109.15 119.3 127.75 136 138.8 136.95 133.55 129.65 123.5 118.95 118.65 119.3 121.7 121.2 134.7 153.4 147.9 126.35 120 125.75 129.25 130.2 133.95 132.1 127.95 128.05 126.45 126.3 125.75 127.3 123.75 120.8 129.7 125.95 102.2 91.2 154.15 88.3 90.09999999999999 92.09999999999999 92.95 91.7 90.55 89.75 89.65000000000001 90.05 90.75 91.40000000000001 91.95 90.7 94.8 100.8 110.25 117.15 116.15 114.1 113.85 117.3 119.1 119.05 117.3 115.1 111.95 112.2 116.15 117.4 117.55 118.25 118.75 117.4 112.2 107.55 105.85 104 103.5 103 103.05 103.75 104.25 103.55 103.85 100.95 95.75 90.84999999999999 89.59999999999999 90.05 92.15000000000001 94.09999999999999 93.8 89.2 94.40000000000001 112.35 177.9 198 177.8 103.1 109.75 142.85 155.5 141.9 110.1 90.75 104.75 106.05 105.95 106.45 105.6 105.2 104.1 102.85 102.2 102.4 102.05 103.6 109.5 119.45 127.2 135.95 139.2 136.95 133.5 129.8 123.6 118.75 119.3 119.05 120.95 123.2 131.5 152.8 154.25 131.85 123.85 124.9 129.6 129.6 133.75 128.8 123.4 124.35 126.55 125.45 124.6 125.65 124.15 120.6 127.9 125.3 101.25 94.3 155.65 88 90 92.8 93.84999999999999 92.55 91.05 90.05 89.84999999999999 90.15000000000001 90.95 91.45 91.75 90.90000000000001 91.25 97.95 104.05 109.6 107.65 111.4 113.2 116.1 119.1 119.5 116.8 115.15 112.75 113.75 117.3 117.75 118.55 119.3 119.25 117.75 111.45 108.2 105.6 104.3 103.6 102.1 102.3 103.35 103.45 103.5 103.6 99.65000000000001 93.8 88.90000000000001 87.95 90.34999999999999 94.84999999999999 94.09999999999999 88.8 85.7 89.5 114.1 183.8 200.6 175.45 101.45 111.1 150.45 155.9 141 111.2 91.25 104.65 105.8 106.05 105.75 105.75 105.2 103.9 102.8 102.15 102.3 102.55 103.9 108.55 117.65 125.05 135.7 140.05 137.15 132.05 131.2 123.65 118.6 118.25 118.2 119.9 123.05 127.9 151.45 162.45 141.6 128.6 122.55 130.2 130.15 133.9 134.75 123.7 125.3 130.15 127.55 124.55 126.75 126.4 120.85 127.05 124.5 99.40000000000001 96.5 158 87.7 89.59999999999999 93.2 94.34999999999999 93.2 91.55 89.8 89.7 90 90.45 91.05 91.34999999999999 91.7 91.84999999999999 96.3 100.25 107.4 106.6 109.05 111.05 115.65 120 120.6 117.6 115.5 112.65 113.75 117.65 118.45 119.2 119.75 119.75 118.4 114.3 108.35 106.7 104.75 103.75 102.3 102.3 103.1 103.45 103.2 103.25 99.34999999999999 93.55 87.75 89.55 93.59999999999999 99.09999999999999 98.09999999999999 91.40000000000001 85.45 86.34999999999999 116.9 189.7 201.45 174.6 100.45 111.65 153.35 157.1 140 109.8 91.75 104.95 106.5 105.65 105.15 105.3 105.15 104.35 103 102.25 102.75 102.9 104.5 109.2 117.35 125.9 135.75 139.35 137.75 132.2 131.35 125.65 118.9 118.9 118.75 120.4 121.9 127.6 152.1 161.8 145.45 129.75 123.9 129.2 129.5 134.3 134.45 122.8 126.7 127.95 128.3 125.5 127.35 127 123.05 126.15 124.6 103 97.90000000000001 158.4 87.5 89.65000000000001 93.05 94.3 93 91.65000000000001 90.5 90.34999999999999 90.09999999999999 90.45 90.84999999999999 91.09999999999999 92.09999999999999 91.75 94.3 95.90000000000001 98.8 99.55 101.15 109.05 114.6 119.05 119.55 115.95 116.25 113.9 115.65 119.55 120 120.15 120.55 120.35 120.1 116.5 109.35 107.7 104.85 103.25 101.85 101.7 102.1 102.3 102.1 102.4 98.55 91.09999999999999 88.84999999999999 91.65000000000001 98.45 104.75 103.35 96.95 88.15000000000001 83.34999999999999 117.9 194 201.05 172 97.8 113.9 155.9 157.9 140.45 110.2 92.95 105.7 106.7 105.5 104.75 104.95 104.9 104.15 103.55 102.9 103.15 103.3 104.45 109.6 116.55 126.4 137 140.15 138.15 133.5 133 127.3 121.55 120.95 119.5 120.8 120.35 126.8 151.15 164.65 153 131.3 129.15 130.5 130.7 134.35 135.45 119.35 125.6 126 127.95 125.5 127.2 127.9 125.55 125.45 124.1 110.4 99.15000000000001 157.8 88.05 90.09999999999999 93 94.5 93.75 92.45 91.25 90.7 90.09999999999999 90.15000000000001 91 91.15000000000001 91.7 91.45 93.3 93.40000000000001 93.3 94.05 95.65000000000001 105.85 112.95 118 118.55 115.85 116.75 114.85 116.6 120.35 121.1 121.45 121.55 121.4 121.6 116.75 111.05 108.45 105.5 102.8 100.9 100.85 101.65 101.75 101.6 101.9 97.84999999999999 91.09999999999999 88 93.15000000000001 104.6 111.75 110.45 104.05 92.90000000000001 84.09999999999999 117.85 194.05 200.35 169.65 96.09999999999999 112.65 158.85 157.4 141.2 110.75 94.25 105.95 106.65 105.7 105.3 105.25 104.75 103.9 103.6 103.5 103.75 103.25 103.15 109.85 114.85 